0.159293 0.000919 0.010754
0.167796 0.000711 0.007286
0.161188 0.000776 0.009124
0.151921 0.000962 0.010239
0.154025 0.001079 0.010365
0.149493 0.000631 0.010017
0.149530 0.001259 0.015896
0.146792 0.001222 0.014220
0.145542 0.000929 0.011773
0.151559 0.000976 0.012656
0.147414 0.000986 0.013911
0.147789 0.001029 0.014158
0.157527 0.001121 0.012886
0.134568 0.000742 0.011050
0.147287 0.000908 0.012104
0.152292 0.001086 0.013300
0.145497 0.000728 0.010316
0.137029 0.000709 0.012679
0.121640 0.002226 0.028791
0.112761 0.000038 0.001765
0.130254 0.000426 0.006630
0.153829 0.000936 0.010568
0.171353 0.000705 0.005836
0.169124 0.000241 0.003300
0.170626 0.000238 0.002076
0.170010 -0.000090 -0.001232
0.183791 -0.000137 -0.000845
0.163157 0.000132 0.001362
0.176451 -0.000002 -0.000053
0.164789 0.000062 0.000538
0.171347 0.000044 -0.000244
0.169098 -0.000187 -0.002126
0.170695 -0.000089 -0.000738
0.171918 -0.000048 -0.000703
0.175376 -0.000156 -0.001548
0.174574 0.000131 0.001326
0.156698 0.000226 0.001841
0.113202 0.000130 0.001207
0.162713 0.000471 0.003930
0.157837 0.000228 0.003536
0.158991 0.000562 0.006185
0.150772 0.000260 0.006083
0.106323 0.000516 0.009580
0.145282 0.000233 0.001074
0.150157 0.000275 0.002271
0.149041 0.001179 0.015801
0.145734 0.001110 0.014183
0.144051 0.000499 0.006465
0.153395 0.000605 0.007207
0.174451 0.000626 0.007306
0.159515 0.000465 0.005074
0.160997 0.000481 0.006613
0.115900 0.000489 0.007405
0.155533 0.000606 0.006327
0.149365 0.000659 0.008511
0.161612 0.000808 0.008616
0.151997 0.000444 0.004611
0.153823 0.000452 0.004891
0.163654 0.001163 0.016329
0.127283 0.000410 0.008374
0.103381 0.000105 0.003334
0.141629 0.000720 0.011719
0.109451 0.000800 0.011050
0.142440 0.001339 0.011509
0.129324 0.000523 0.006189
0.110116 0.000171 0.003806
0.146554 0.000865 0.011359
0.146444 0.000728 0.009702
0.150657 0.000438 0.006335
0.144344 0.000574 0.006662
0.109366 0.000164 0.003313
0.164180 0.000364 0.004415
0.116882 0.000318 0.005484
0.151879 0.000604 0.006672
0.160116 0.000535 0.006122
0.110912 0.000350 0.005857
0.150097 0.000783 0.009256
0.112793 0.000086 0.001865
0.143825 0.000361 0.004960
0.114366 0.000522 0.008227
0.149280 0.000822 0.010372
0.115720 0.000490 0.007859
0.146197 0.000877 0.010760
0.113274 0.000480 0.007286
0.107652 0.000259 0.004187
0.148601 0.000555 0.006963
0.114090 0.000423 0.007175
0.142467 0.000621 0.007840
0.113571 0.000334 0.005674
0.149376 0.000930 0.011275
0.109723 0.000283 0.004514
0.160921 0.000261 0.002645
0.158049 0.000363 0.003483
0.115691 0.000336 0.005347
0.121075 0.000306 0.004479
0.152536 0.000341 0.003951
0.164978 0.000469 0.005259
0.121698 0.000178 0.002060
0.151970 0.000163 0.000391
0.123692 -0.000115 -0.001080
0.171183 0.000028 0.000361
0.124929 0.000072 0.000714
0.158184 0.000012 0.000567
0.125533 -0.000021 0.000154
0.155381 -0.000070 -0.001610
0.123790 -0.000110 -0.001583
0.169175 0.000179 0.001843
0.114387 0.000325 0.004961
0.153930 0.000850 0.008758
0.154377 0.000410 0.005587
0.117129 0.000227 0.003421
0.161194 0.000537 0.005305
0.111129 0.000182 0.002588
0.152844 0.000454 0.004902
0.110899 0.000162 0.003194
0.110310 0.000328 0.004708
0.160979 0.000552 0.007166
0.156716 0.000873 0.010986
0.111028 0.000303 0.004298
0.152750 0.000256 0.002391
0.117615 0.000435 0.006028
0.154312 0.000441 0.005387
0.159612 0.000515 0.005374
0.163179 0.000691 0.007994
0.123862 0.000365 0.005400
0.153923 0.000360 0.003683
0.128954 0.000177 0.003430
0.154137 0.000207 0.002425
0.173590 0.000516 0.004955
0.167261 0.000458 0.005935
0.122474 0.000402 0.006773
0.155943 0.000527 0.005167
0.122054 0.000283 0.003864
0.159859 0.000319 0.003612
0.168613 0.000537 0.006371
0.166826 0.000203 0.002072
0.167371 0.000652 0.007894
0.168044 0.000486 0.005524
0.174049 0.000304 0.003241
0.122543 0.000323 0.004059
0.155435 0.000508 0.006529
0.166840 0.000341 0.003730
0.168106 0.000613 0.007433
0.174452 0.000675 0.006000
0.166187 0.000323 0.003938
0.157318 0.000191 0.001934
0.171548 0.000558 0.006939
0.161631 0.000577 0.007460
0.157423 0.000576 0.008013
0.158772 0.000920 0.010157
0.157461 0.000405 0.004194
0.157193 0.000708 0.008317
0.162400 0.000545 0.005994
0.157538 0.000564 0.007358
0.156671 0.000733 0.008625
0.156089 0.000468 0.005416
0.156167 0.000606 0.008179
0.161304 0.000643 0.007765
0.148664 0.000603 0.008068
0.154066 0.000416 0.005842
0.161400 0.000693 0.009171
0.155247 0.000972 0.011406
0.153492 0.000680 0.008010
0.152758 0.000654 0.008069
0.153733 0.000778 0.010167
0.154713 0.000636 0.009151
0.160237 0.000990 0.011547
0.147955 0.001039 0.011744
0.160065 0.000617 0.007881
0.153082 0.000780 0.009070
0.154340 0.000658 0.007799
0.160359 0.000715 0.007274
0.150263 0.000589 0.007646
0.160894 0.000836 0.008926
0.159387 0.000259 0.003367
0.149466 0.000573 0.006299
0.155859 0.000586 0.006926
0.156117 0.000731 0.008330
0.154717 0.000542 0.006638
0.156396 0.000701 0.007372
0.162561 0.000662 0.007499
0.149791 0.000634 0.007300
0.160819 0.000438 0.005761
0.156444 0.000660 0.007623
0.162695 0.000425 0.005186
0.150380 0.000526 0.005886
0.155228 0.000258 0.003366
0.157066 0.000500 0.006409
0.162141 0.000391 0.005193
0.156257 0.000285 0.002098
0.155320 0.000667 0.007184
0.155974 0.000517 0.006272
0.156174 0.000285 0.003656
0.162077 0.000404 0.004088
0.157632 0.000657 0.009769
0.162933 0.000824 0.008851
0.150709 0.000331 0.004576
0.156366 0.000517 0.005965
0.154788 0.000273 0.003120
0.156776 0.000358 0.004001
0.157733 0.000607 0.007557
0.169457 0.000841 0.008773
0.150232 0.000517 0.007044
0.156869 0.000628 0.007015
0.162676 0.000629 0.006543
0.156284 0.000465 0.005916
0.150850 0.000596 0.008041
0.162447 0.000692 0.006948
0.156427 0.000704 0.008276
0.156171 0.000391 0.005063
0.156609 0.000579 0.006515
0.154445 0.000266 0.003175
0.163540 0.000576 0.007286
0.151224 0.000731 0.008087
0.158141 0.000677 0.007502
0.167615 0.000797 0.008243
0.159091 0.000544 0.004878
0.165758 0.000573 0.006958
0.154615 0.000767 0.009353
0.169541 0.000731 0.007114
0.162776 0.000463 0.005436
0.176252 0.000295 0.002160
0.171868 0.000054 0.000253
0.168766 0.000193 0.002601
0.168762 0.000362 0.005516
0.163817 0.000414 0.007735
0.162405 0.000215 0.002979
0.157575 0.000270 0.004946
0.155532 0.001059 0.016829
0.153825 0.000412 0.003785
0.141109 0.000867 0.009816
0.145125 0.000515 0.008160
0.152096 0.001162 0.012699
0.146582 0.001129 0.013469
0.131828 0.001574 0.026659
0.122526 0.000423 0.004210
0.118417 0.000751 0.014962
0.116935 0.000739 0.012719
0.122980 0.001105 0.015510
0.144332 0.000929 0.014199
0.155619 0.002185 0.026827
0.137976 0.000819 0.011462
0.140921 0.000278 0.005698
0.153835 0.001132 0.016950
0.148512 0.001558 0.018320
0.148992 0.001312 0.015349
0.123449 0.000970 0.018469
0.096205 0.000712 0.013118
0.094574 0.000115 0.002736
0.081363 0.000169 0.003095
0.145520 0.000340 0.006246
0.158724 0.001528 0.017996
0.152514 0.000648 0.007318
0.103697 -0.000458 -0.015763
0.065909 -0.000139 -0.002548
0.060846 0.000179 0.003241
0.082042 -0.000076 -0.004701
0.057648 -0.000272 -0.009132
0.074475 -0.000909 -0.023553
0.087752 -0.000884 -0.010096
0.091896 -0.000480 -0.007934
0.109474 0.000645 0.006678
0.136280 -0.000314 0.000076
0.101890 0.000444 0.007422
0.133976 0.001177 0.012163
0.123694 0.000518 0.008316
0.093470 0.000009 -0.000969
0.068559 0.000122 0.004002
0.106482 0.000135 0.001488
0.120540 0.000135 0.001722
0.094637 0.000208 0.004243
0.066358 0.000090 0.003677
0.088963 0.000128 0.003406
0.082668 0.000199 0.002778
0.082120 -0.000823 -0.019173
0.106340 -0.001041 -0.020719
0.071715 -0.000268 -0.002517
0.094477 -0.000845 -0.014296
0.072588 -0.000330 -0.010014
0.104738 -0.001410 -0.021504
0.074104 -0.000413 -0.009882
0.081192 -0.000082 -0.003485
0.117369 -0.000468 -0.006129
0.101674 -0.000016 -0.000816
0.125993 -0.000121 -0.002665
0.099553 -0.000045 -0.000590
0.134640 -0.000273 -0.005281
0.095724 -0.000197 -0.003508
0.134743 -0.000600 -0.010508
0.102891 -0.000597 -0.011181
0.132608 -0.001193 -0.015457
0.098714 -0.000398 -0.008317
0.104238 -0.000263 -0.003912
0.154341 -0.000415 -0.004512
0.124539 -0.000026 -0.000386
0.160537 -0.000361 -0.003380
0.119076 -0.000143 -0.001376
0.168345 0.000086 0.000194
0.161847 0.000390 0.004995
0.129863 0.000458 0.005931
0.148798 0.000521 0.005855
0.116010 0.000623 0.009866
0.106152 0.000961 0.013099
0.134254 0.001184 0.011707
0.100197 0.000353 0.005432
0.127354 0.000211 0.004353
0.109565 0.000674 0.011701
0.140674 0.001290 0.015550
0.147277 0.000655 0.009039
0.137280 0.000504 0.008304
0.129051 0.001862 0.027195
0.075239 0.000825 0.029850
0.072078 0.000456 0.006473
0.077127 0.000438 0.011638
0.079082 0.000494 0.012921
0.119982 0.000911 0.014139
0.158929 0.001192 0.013371
0.125017 0.000479 0.007547
0.159123 0.000500 0.005279
0.161348 0.000038 0.000328
0.144952 0.000014 0.003992
0.145384 -0.000127 -0.002143
0.128824 0.000214 0.003029
0.121096 -0.000031 0.001112
0.115457 -0.000137 -0.002338
0.106791 0.000030 0.001736
0.147797 -0.000150 -0.001670
0.172392 -0.000081 -0.001663
0.175927 0.000074 0.001963
0.165507 0.000099 0.000630
0.168392 0.000218 0.001550
0.128456 -0.000188 -0.002745
0.153374 -0.000059 -0.000933
0.174495 -0.000117 -0.000633
0.166567 0.000006 0.000768
0.160834 0.001427 0.013198
0.113315 0.000937 0.010853
0.128661 0.000097 0.002328
0.145756 0.000897 0.010615
0.145810 0.000559 0.008554
0.153459 0.001351 0.016502
0.142725 0.000693 0.010048
0.140586 0.000808 0.011330
0.148256 0.001374 0.016715
0.151526 0.001065 0.012455
0.138943 0.001509 0.025469
0.138215 0.001197 0.013217
0.121748 0.000787 0.011003
0.126051 0.000877 0.012961
0.154310 0.001273 0.014984
0.155652 0.001716 0.020043
0.133416 0.002059 0.028751
0.119666 0.001181 0.016907
0.115740 0.001372 0.023586
0.116917 0.001210 0.022165
0.120029 0.002640 0.049010
0.114524 0.001277 0.018526
0.115941 0.001803 0.026850
0.122346 0.001762 0.029939
0.122081 0.002476 0.036122
0.117713 0.001532 0.023211
0.107018 0.000632 0.013742
0.121956 0.001248 0.022859
0.133297 0.002260 0.032018
0.106643 0.001578 0.030378
0.066799 0.001837 0.052763
0.046803 0.000465 0.014463
0.061590 0.000389 0.007352
0.087960 0.000763 0.019497
0.104380 0.002282 0.039299
0.091450 0.001717 0.033223
0.100810 0.001744 0.034015
0.075376 0.001795 0.046681
0.070534 0.001375 0.040508
0.083354 0.002863 0.067537
0.087217 0.003088 0.064929
0.102302 0.001563 0.031234
0.136400 0.002308 0.029067
0.142515 0.001570 0.026381
0.076379 0.000694 0.031946
0.028808 0.000047 -0.004666
0.040149 -0.000001 0.003438
0.059639 0.001281 0.040337
0.056501 0.001256 0.045299
0.066802 0.002195 0.065827
0.069359 0.002672 0.068208
0.072897 0.000913 0.025054
0.096751 0.001791 0.032004
0.124327 0.001571 0.027955
0.065367 0.000703 0.034641
0.018337 0.000327 0.031788
0.023096 0.000187 0.023138
0.036946 0.001355 0.072365
0.041955 0.001401 0.050045
0.053619 0.000318 0.016190
0.082224 0.001422 0.032027
0.106894 0.001767 0.033993
0.093010 0.001371 0.030441
0.052025 0.001023 0.053392
0.030832 0.000542 0.028020
0.040616 -0.000053 -0.004406
0.060776 0.000479 0.018165
0.076894 0.002240 0.059475
0.084738 0.003104 0.072646
0.078591 0.002565 0.063324
0.087056 0.003404 0.075583
0.067320 0.001432 0.040597
0.062784 0.000922 0.025075
0.075474 0.001008 0.023616
0.112365 0.001516 0.021466
0.130685 0.000282 0.000997
0.075349 0.000167 0.000203
0.015401 -0.000023 -0.003601
0.001432 0.000002 0.002596
0.011432 0.000008 0.000416
0.040499 -0.000063 -0.002545
0.079772 -0.000114 -0.002212
0.079718 0.000046 0.001557
0.076842 -0.000240 -0.007201
0.084777 0.000011 -0.000413
0.076717 0.000002 0.001493
0.081145 -0.000200 -0.004941
0.090795 -0.000034 -0.000434
0.085035 0.000082 0.001494
0.088366 -0.000102 -0.001762
0.084514 0.000036 0.000897
0.066157 -0.000128 -0.004712
0.050720 0.000081 0.001302
0.067440 -0.000051 -0.000356
0.084354 -0.000037 -0.001211
0.036423 -0.000028 -0.003702
0.001253 0.000000 0.002447
-0.001092 0.000000 -0.000238
-0.003568 0.000001 -0.002620
-0.003419 0.000005 -0.004783
-0.001381 0.000003 -0.004254
0.000000 0.000000 0.000000
0.000000 0.000000 0.000000
0.000000 0.000000 0.000000
0.000000 0.000000 0.000000
0.000000 0.000000 0.000000
0.000000 0.000000 0.000000
0.000000 0.000000 0.000000
0.000000 0.000000 0.000000
0.000000 0.000000 0.000000
0.000000 0.000000 0.000000
0.000000 0.000000 0.000000
0.000000 0.000000 0.000000
0.000000 0.000000 0.000000
0.000000 0.000000 0.000000
0.000000 0.000000 0.000000
0.000000 0.000000 0.000000
0.000000 0.000000 0.000000
0.000000 0.000000 0.000000
0.000000 0.000000 0.000000
0.000276 0.000000 0.001052
0.005888 0.000042 0.012491
0.024371 -0.000049 -0.003608
0.062090 0.000011 -0.000392
0.079783 0.000550 0.024469
0.078250 0.000814 0.022880
0.049191 0.000293 0.010616
0.080183 0.001405 0.034011
0.086535 0.002149 0.050516
0.083484 0.002584 0.062964
0.099296 0.004253 0.082721
0.061495 0.001663 0.048002
0.092026 0.001048 0.025579
0.112783 0.001622 0.024576
0.106580 0.000752 0.011687
0.154886 0.001036 0.012817
0.116351 0.000766 0.010113
0.147631 0.001028 0.010542
0.151226 0.000588 0.007283
0.112611 0.000261 0.003525
0.148229 0.000382 0.004907
0.107095 0.000483 0.006003
0.109915 0.000460 0.007125
0.141377 0.000361 0.006296
0.113162 0.000424 0.006232
0.141852 0.000275 0.005034
0.117767 0.000152 0.002559
0.143124 0.000298 0.005119
0.112465 0.000166 0.003276
0.147262 0.000520 0.007883
0.108437 0.000205 0.003274
0.152790 0.000789 0.008269
0.117239 0.000426 0.006384
0.152226 0.000279 0.004106
0.117570 0.000239 0.003265
0.132693 0.000990 0.009415
0.098920 -0.000038 -0.002843
0.146402 0.000490 0.004628
0.118226 0.000010 0.000543
0.117992 -0.000206 -0.008347
0.133916 -0.000878 -0.015874
0.139986 -0.000279 -0.002129
0.128772 -0.000547 -0.008929
0.139623 -0.001112 -0.016345
0.096075 -0.000900 -0.014316
0.114198 -0.001445 -0.022622
0.083174 -0.000678 -0.012402
0.077217 -0.000351 -0.007558
0.103529 -0.000704 -0.012847
0.087845 -0.000865 -0.019493
0.123353 -0.002218 -0.038359
0.106988 -0.002756 -0.047961
0.073904 -0.001266 -0.028722
0.102799 -0.001942 -0.031983
0.094319 -0.001381 -0.023641
0.114118 -0.001099 -0.019757
0.116860 -0.002045 -0.033257
0.121605 -0.001618 -0.026429
0.118103 -0.003039 -0.045984
0.070798 -0.001173 -0.035267
0.063977 -0.001490 -0.039004
0.048687 -0.000277 -0.017366
0.064560 -0.000747 -0.024038
0.077521 -0.001777 -0.051126
0.060384 -0.001545 -0.051875
0.082778 -0.002253 -0.051842
0.082928 -0.002294 -0.055713
0.091425 -0.003278 -0.070889
0.075061 -0.001308 -0.027781
0.090717 -0.001890 -0.035807
0.119295 -0.002295 -0.043687
0.079229 -0.002593 -0.068280
0.022290 -0.000446 -0.039661
0.021914 -0.000385 -0.037998
0.024127 -0.000651 -0.052445
0.037357 -0.001238 -0.052403
0.043429 -0.000095 -0.010972
0.074361 -0.001120 -0.027120
0.104924 -0.002390 -0.048188
0.098147 -0.003207 -0.066950
0.070498 -0.001735 -0.058830
0.057481 -0.001521 -0.037319
0.070168 -0.000742 -0.021593
0.098307 -0.002225 -0.050118
0.103143 -0.002265 -0.038770
0.106311 -0.001421 -0.027754
0.096178 -0.002447 -0.043963
0.074338 -0.000848 -0.017522
0.071467 -0.000655 -0.014975
0.093276 -0.001092 -0.022322
0.107092 -0.001396 -0.026557
0.121994 -0.002716 -0.044925
0.117476 -0.002475 -0.039897
0.123642 -0.001156 -0.019268
0.135879 -0.002135 -0.035997
0.127022 -0.002219 -0.037147
0.119968 -0.001256 -0.016762
0.113299 -0.000784 -0.014421
0.131098 -0.001357 -0.023026
0.125811 -0.001778 -0.025877
0.124507 -0.001359 -0.022344
0.130182 -0.002232 -0.033265
0.122566 -0.001630 -0.025185
0.125307 -0.001446 -0.023409
0.112083 -0.001892 -0.033149
0.103978 -0.002219 -0.042348
0.093215 -0.001427 -0.030260
0.079115 -0.000321 -0.012404
0.087464 -0.001151 -0.032151
0.087656 -0.002393 -0.053558
0.049900 -0.001590 -0.060643
0.033109 -0.000539 -0.031248
0.048253 -0.000594 -0.024345
0.052975 -0.001001 -0.036712
0.064139 -0.001261 -0.033982
0.080078 -0.001617 -0.043669
0.088008 -0.003003 -0.066929
0.080527 -0.002471 -0.057845
0.075968 -0.000750 -0.015029
0.101252 -0.001390 -0.025181
0.123059 -0.002080 -0.035642
0.104476 -0.002985 -0.057679
0.065941 -0.001729 -0.051489
0.058748 -0.001247 -0.041404
0.056760 -0.001298 -0.043591
0.066024 -0.001971 -0.060183
0.072677 -0.002842 -0.072875
0.083481 -0.001203 -0.028887
0.106437 -0.001979 -0.032880
0.141662 -0.001833 -0.024258
0.161803 -0.001381 -0.017213
0.154650 -0.002234 -0.034362
0.117602 -0.002711 -0.040602
0.111591 -0.000890 -0.019375
0.119569 -0.001212 -0.024244
0.124011 -0.002531 -0.034398
0.142312 -0.001648 -0.019743
0.153699 -0.001752 -0.023196
0.148231 -0.001287 -0.014438
0.137237 -0.001184 -0.027823
0.120073 -0.001390 -0.024703
0.102839 -0.001551 -0.032486
0.097846 -0.001993 -0.038757
0.100209 -0.002507 -0.049689
0.099568 -0.002779 -0.052445
0.100321 -0.002794 -0.055368
0.091874 -0.001614 -0.029540
0.114021 -0.001554 -0.025685
0.134702 -0.001859 -0.029852
0.121199 -0.002658 -0.053609
0.085521 -0.002247 -0.035846
0.085417 -0.000863 -0.022227
0.099233 -0.002227 -0.045658
0.098398 -0.001281 -0.023689
0.112215 -0.001477 -0.028327
0.116190 -0.002554 -0.042745
0.109572 -0.001787 -0.032014
0.113588 -0.000287 -0.008094
0.136766 -0.001048 -0.013547
0.158020 -0.001465 -0.018776
0.147857 -0.001298 -0.015489
0.153023 -0.000721 -0.008265
0.171420 -0.000619 -0.007882
0.159371 0.000535 0.002613
0.172152 -0.000926 -0.007338
0.172537 0.000029 0.000094
0.164868 0.000170 0.002497
0.118437 0.000065 0.001094
0.171053 0.000001 -0.000039
0.177480 -0.000194 -0.001523
0.168934 -0.000020 -0.001019
0.163661 0.000219 0.003014
0.114091 0.000492 0.006673
0.159603 0.001089 0.009695
0.146661 0.000442 0.006232
0.146274 0.001083 0.012317
0.144162 0.000607 0.008524
0.152555 0.000954 0.011890
0.126819 0.001590 0.028177
0.093283 0.001632 0.050586
0.059040 0.000757 0.020698
0.067776 0.000722 0.013910
0.088427 0.001280 0.030646
0.084395 0.002638 0.061646
0.056491 0.001285 0.041128
0.054372 0.001147 0.041757
0.063754 0.002108 0.065913
0.067413 0.002746 0.078984
0.069768 0.002945 0.080412
0.066781 0.002628 0.069344
0.078789 0.001119 0.031315
0.110801 0.002102 0.035353
0.107314 0.002314 0.041173
0.094270 0.002983 0.056151
0.053398 0.000699 0.020564
0.085536 0.001268 0.033143
0.089103 0.002509 0.051390
0.091736 0.002599 0.044675
0.088595 0.001127 0.027931
0.112076 0.001726 0.027047
0.141699 0.001372 0.016994
0.153304 0.001789 0.019066
0.132825 0.000657 0.009915
0.108638 0.000571 0.010155
0.137736 0.001716 0.035080
0.111315 0.001674 0.034693
0.089184 0.000626 0.007725
0.080771 0.000779 0.016719
0.067454 0.000736 0.022707
0.068714 0.000984 0.029325
0.101227 0.002277 0.042703
0.102849 0.001700 0.023540
0.113312 0.000740 0.014169
0.134950 0.001154 0.015668
0.144308 0.002092 0.022138
0.101571 0.000955 0.011697
0.126985 0.000993 0.020989
0.109995 0.001104 0.016972
0.095712 0.000470 0.017244
0.058128 0.000819 0.031311
0.033664 0.000808 0.053009
0.032055 0.000625 0.039562
0.031083 0.000306 0.013647
0.054761 0.000938 0.034265
0.042079 0.000688 0.032508
0.077502 0.002872 0.063437
0.088744 0.002458 0.051897
0.075201 0.001525 0.037638
0.074745 0.001541 0.036840
0.095560 0.002489 0.044127
0.067157 0.000980 0.023113
0.063441 0.000764 0.023358
0.065123 0.001111 0.029770
0.084040 0.002042 0.041301
0.060302 0.001022 0.025607
0.061051 0.000680 0.017709
0.079582 0.001011 0.024873
0.062007 0.000661 0.022873
0.092955 0.002438 0.050942
0.067378 0.001320 0.035622
0.064007 0.001392 0.042094
0.061773 0.001681 0.048250
0.049695 0.000987 0.041160
0.072005 0.002765 0.074457
0.052761 0.001536 0.054388
0.070782 0.001319 0.028345
0.063744 0.000963 0.026118
0.106245 0.001539 0.023499
0.070055 0.000667 0.017300
0.046160 0.000270 0.008944
0.063937 0.000240 0.008831
0.052845 0.000642 0.031877
0.043688 0.000334 0.015254
0.052528 0.000760 0.024243
0.048714 0.000010 0.001778
0.090598 0.000850 0.021476
0.102811 0.002039 0.033740
0.073160 0.000970 0.022338
0.084452 0.001475 0.033658
0.059570 0.000507 0.016873
0.068149 0.000184 0.005565
0.049049 0.000150 0.007351
0.046950 0.000039 0.003709
0.038701 0.000006 0.000994
0.052337 -0.000114 -0.000175
0.049007 -0.000207 -0.011038
0.047922 -0.000370 -0.018814
0.040512 -0.000020 0.000118
0.039011 -0.000030 0.000940
0.045238 0.000142 0.002774
0.078309 -0.000001 0.006599
0.060164 0.000459 0.012645
0.071408 0.000709 0.017937
0.063210 0.000554 0.014367
0.070491 -0.000036 -0.001648
0.022195 -0.000115 0.000890
0.016618 -0.000001 0.001057
0.045052 0.000266 0.008053
0.070816 -0.000733 -0.032705
0.048441 -0.000832 -0.036155
0.045368 0.000432 0.014681
0.070207 -0.000344 -0.009584
0.069227 -0.000045 0.004648
0.082634 0.000637 0.015290
0.073065 0.000113 0.000733
0.083147 0.000585 0.009305
0.052268 0.000098 0.002439
0.044684 0.000023 0.002480
0.058341 -0.000059 -0.002256
0.036151 -0.000049 -0.007568
0.025840 -0.000194 -0.005636
0.030101 0.000087 0.004363
0.041461 -0.000046 -0.002406
0.055488 -0.000073 -0.003177
0.079612 0.000131 0.008292
0.075910 0.001053 0.026676
0.061766 0.000384 0.009912
0.053023 -0.000031 -0.001288
0.064274 0.000062 0.001190
0.063257 0.000086 0.005825
0.061936 0.000108 0.005388
0.084917 0.000265 0.004158
0.089697 0.000093 0.003347
0.083665 0.000072 0.001510
0.089519 0.000087 0.002797
0.084287 -0.000023 -0.000306
0.090990 -0.000003 -0.000135
0.094853 0.000048 0.001678
0.085771 -0.000026 0.000329
0.092669 0.000075 0.000598
0.093011 0.000129 0.000745
0.084547 0.000060 0.000897
0.089652 0.000021 0.000785
0.092373 0.000151 0.002612
0.093142 0.000028 0.000643
0.094104 0.000085 0.000782
0.095016 0.000090 0.001475
0.090909 -0.000003 -0.000285
0.098604 0.000167 0.001834
0.094802 0.000192 0.003135
0.096321 0.000089 0.001459
0.098032 0.000176 0.002594
0.091576 0.000061 0.001164
0.094592 0.000100 0.001982
0.087664 0.000032 -0.001000
0.044363 0.000015 -0.001034
0.003616 0.000003 0.003474
-0.001274 -0.000010 0.014637
-0.000187 0.000012 0.018694
-0.000933 -0.000021 0.028702
0.000430 0.000002 0.046624
-0.000513 -0.000007 0.044525
-0.000715 -0.000014 0.050155
0.000000 0.000001 0.051352
-0.000587 -0.000022 0.051761
-0.000038 0.000010 0.055573
0.000162 0.000025 0.051853
-0.001434 -0.000022 0.025342
-0.001478 0.000004 -0.004555
-0.001153 0.000002 -0.003554
-0.001137 0.000002 -0.003504
-0.000032 0.000000 -0.000100
0.000000 0.000000 0.000000
0.000000 0.000000 0.000000
0.000000 0.000000 0.000000
0.000000 0.000000 0.000000
0.000000 0.000000 0.000000
0.000000 0.000000 0.000000
0.000000 0.000000 0.000000
0.000000 0.000000 0.000000
0.000000 0.000000 0.000000
0.000000 0.000000 0.000000
0.000000 0.000000 0.000000
0.000000 0.000000 0.000000
0.000000 0.000000 0.000000
0.000000 0.000000 0.000000
0.000000 0.000000 0.000000
0.000000 0.000000 0.000000
0.000000 0.000000 0.000000
-0.000131 -0.000000 0.000404
-0.000645 -0.000000 0.006791
0.000389 -0.000005 0.027933
-0.000809 -0.000008 0.033424
-0.001199 -0.000018 0.032926
-0.000939 -0.000019 0.033325
-0.000566 -0.000012 0.035381
-0.000013 -0.000001 0.035876
-0.000759 -0.000015 0.045784
-0.000815 -0.000024 0.051764
-0.000925 -0.000025 0.048198
-0.005108 -0.000052 0.015437
-0.009918 -0.000021 0.001526
-0.024576 0.000038 -0.001565
-0.041674 -0.000571 0.033612
-0.012297 -0.000146 0.039993
0.000155 0.000056 0.044065
-0.002029 -0.000117 0.085846
-0.000520 -0.000023 0.063066
0.000424 -0.000008 0.078279
0.000975 0.000091 0.077569
0.000092 -0.000003 0.069490
-0.000415 -0.000003 0.083163
-0.001061 -0.000053 0.066439
-0.007419 -0.000133 0.038879
-0.014017 -0.000200 0.019965
-0.028628 -0.000047 0.004111
-0.048141 -0.000521 0.025901
-0.028718 -0.000405 0.026724
-0.008175 -0.000140 0.043511
0.001538 0.000019 0.060429
-0.001397 -0.000053 0.074382
-0.000223 -0.000005 0.060550
-0.000974 0.000001 0.073573
-0.000587 -0.000050 0.078593
0.000758 0.000000 0.071442
-0.000637 -0.000023 0.079046
-0.000720 -0.000046 0.067792
-0.000243 -0.000033 0.076830
-0.000299 -0.000018 0.082710
-0.000437 -0.000025 0.075526
-0.000861 -0.000035 0.075632
-0.000278 -0.000015 0.078238
-0.000338 -0.000004 0.074118
-0.000707 -0.000011 0.082363
0.000474 0.000068 0.074711
-0.000341 -0.000020 0.063818
-0.000455 -0.000028 0.077185
-0.001257 -0.000026 0.027400
-0.000929 -0.000000 -0.000240
-0.002388 0.000010 -0.007559
0.000000 0.000000 0.000000
0.000000 0.000000 0.000000
0.000000 0.000000 0.000000
0.000000 0.000000 0.000000
0.000000 0.000000 0.000000
0.000000 0.000000 0.000000
0.000000 0.000000 0.000000
0.000000 0.000000 0.000000
0.000000 0.000000 0.000000
0.000000 0.000000 0.000000
0.000000 0.000000 0.000000
0.000000 0.000000 0.000000
0.003459 -0.000004 -0.000845
0.011662 0.000009 -0.000592
0.029834 0.000140 0.008888
0.053449 0.000462 0.008605
0.015114 -0.000050 -0.009426
-0.009783 0.000168 -0.039226
-0.002500 0.000018 -0.048458
0.006297 -0.000073 -0.014697
0.021690 0.000194 0.012955
0.027181 -0.000110 -0.007662
0.065189 -0.000563 -0.015754
0.071495 -0.000415 -0.010152
0.085691 0.000621 0.009174
0.053550 0.000210 0.007800
0.037366 0.000323 0.022917
0.011996 0.000013 -0.007028
-0.000162 0.000000 -0.000501
-0.001690 0.000004 -0.004803
-0.001365 -0.000006 0.008910
0.001431 0.000012 0.016514
-0.000384 -0.000006 0.019902
0.003928 0.000020 0.002013
0.015494 -0.000125 -0.013099
0.023121 0.000036 0.004547
0.040052 0.000306 0.014745
0.070512 0.000513 0.006290
0.061266 0.000592 0.016752
0.043910 0.000432 0.019774
0.057593 0.000208 0.009058
0.042252 0.000265 0.016678
0.061786 0.000766 0.028554
0.055118 0.000827 0.025971
0.051383 0.000190 0.005967
0.047278 0.000067 0.002398
0.048217 0.000159 0.007412
0.083312 0.000101 -0.003309
0.061603 -0.000188 -0.002296
0.085074 -0.000423 -0.004235
0.109717 -0.000163 -0.003274
0.122441 -0.000348 -0.006039
0.103726 -0.000032 0.001069
0.123049 0.000339 0.003601
0.152782 0.000292 0.003094
0.109268 0.000200 0.003917
0.155975 0.000406 0.005769
0.167965 0.000416 0.003867
0.167442 0.000402 0.004175
0.172426 0.000891 0.007733
0.117113 0.000468 0.002466
0.145394 0.000268 0.002730
0.161669 0.000292 0.004344
0.155818 0.000981 0.011248
0.155558 0.000994 0.010347
0.139246 0.000060 0.002151
0.152028 0.000287 0.006118
0.147633 0.001612 0.016019
0.138670 0.000809 0.004720
0.140524 0.001197 0.018616
0.119538 0.001004 0.015401
0.127764 0.000259 0.002590
0.147588 0.000674 0.007880
0.167194 0.000614 0.006640
0.170511 0.000339 0.002530
0.171230 0.000207 0.001818
0.169913 -0.000168 -0.001432
0.179764 -0.000196 -0.001651
0.166813 0.000095 -0.000692
0.177950 0.000139 0.000833
0.166389 -0.000014 -0.000888
0.171477 0.000061 -0.000044
0.162981 0.000112 -0.001199
0.163306 -0.000057 -0.000198
0.170610 0.000145 0.001524
0.169434 0.000331 0.002643
0.176843 -0.000053 -0.000762
0.166710 0.000366 0.002827
0.164020 0.000157 0.002608
0.175827 0.000416 0.003270
0.166500 0.000109 0.002076
0.173608 0.000419 0.004000
0.161326 0.000517 0.003796
0.158428 0.000840 0.011719
0.150338 0.001478 0.018398
0.139928 0.000659 0.003851
0.139990 0.000538 0.006765
0.132856 0.002307 0.030164
0.113702 0.000302 0.004768
0.108630 0.000832 0.026385
0.100716 0.001393 0.024218
0.095602 0.001061 0.021968
0.109342 0.000398 0.009292
0.136512 0.001378 0.016755
0.160010 0.000973 0.010846
0.168390 0.001149 0.012655
0.161860 0.000602 0.007256
0.160307 0.000782 0.009235
0.161306 0.000550 0.007162
0.164991 0.000789 0.007018
0.167358 0.000601 0.005532
0.177384 0.000112 -0.002527
0.156675 -0.000811 -0.008007
0.131843 -0.001536 -0.023236
0.096781 -0.000885 -0.018394
0.070990 0.000089 0.003722
0.094213 -0.000497 -0.009570
0.126652 -0.000687 -0.009607
0.150626 -0.000716 -0.008487
0.176354 -0.000118 -0.000856
0.164859 -0.000449 -0.003482
0.158635 0.000644 0.003376
0.160414 0.000362 0.003204
0.157885 0.000310 0.004390
0.174948 0.000165 0.002175
0.167021 0.000340 0.001969
0.165654 0.000031 -0.000226
0.167935 0.000169 0.002159
0.162045 0.000264 0.003888
0.164806 -0.000046 0.000186
0.164585 0.000996 0.015665
0.154285 0.001758 0.018050
0.144916 0.000568 0.006103
0.138751 0.000400 0.006679
0.147104 0.000991 0.014066
0.147605 0.002018 0.021195
0.146955 0.001267 0.015223
0.083291 0.001615 0.047942
0.058509 0.000831 0.027638
0.059238 -0.000132 -0.002217
0.088168 0.000528 0.011857
0.127830 0.000886 0.012186
0.148083 0.000943 0.014255
0.149144 0.001726 0.020171
0.154093 0.001391 0.017549
0.143181 0.000859 0.009842
0.162958 0.000312 0.003877
0.165325 0.001130 0.011787
0.162646 0.000370 0.005036
0.168277 0.001054 0.012003
0.167048 0.001675 0.022871
0.141616 0.001506 0.016443
0.140599 0.000441 0.002285
0.143957 0.000474 0.004255
0.148377 0.000884 0.013950
0.153679 0.001618 0.019916
0.149714 0.001105 0.013532
0.159933 0.000782 0.008485
0.175058 0.000530 0.004636
0.170554 0.000544 0.006700
0.169705 0.000684 0.006911
0.169688 0.000677 0.007565
0.170647 0.000846 0.009412
0.171790 0.000834 0.008293
0.175892 0.000322 0.002968
0.163201 0.000434 0.005130
0.176961 0.000666 0.008080
0.170650 0.000653 0.007804
0.169786 0.000637 0.007362
0.169385 0.000304 0.003197
0.170164 0.000483 0.005298
0.176689 0.000425 0.004918
0.168759 0.000665 0.006822
0.170195 0.000538 0.006302
0.170945 0.000699 0.006695
0.170220 0.000095 0.000423
0.170563 0.000048 0.000570
0.178210 0.000145 0.001935
0.169959 0.000021 0.001029
0.171099 0.000215 0.001820
0.170254 -0.000034 -0.000582
0.118440 -0.000068 -0.001218
0.173999 0.000138 0.004197
0.162593 0.000621 0.007599
0.152747 0.000322 0.004702
0.168561 0.000697 0.008633
0.162823 0.000691 0.006290
0.159897 0.000027 -0.000207
0.161469 0.000590 0.006859
0.161796 0.000499 0.006353
0.164092 0.000735 0.008285
0.168333 0.000762 0.007932
0.164337 0.000783 0.008232
0.156447 0.000490 0.006015
0.112985 0.000346 0.004576
0.156462 0.000619 0.006969
0.112624 0.000360 0.005786
0.118398 0.000320 0.005616
0.158071 0.000820 0.010116
0.113163 0.000402 0.005528
0.161930 0.000323 0.004241
0.155683 0.000353 0.004768
0.163846 0.000774 0.009142
0.118432 0.000303 0.004711
0.157080 0.000579 0.008268
0.164349 0.000931 0.010292
0.118906 0.000311 0.004254
0.155502 0.000529 0.005323
0.119638 0.000368 0.005099
0.157385 0.000889 0.010727
0.112040 0.000220 0.004386
0.156949 0.000613 0.008270
0.120644 0.000600 0.008705
0.150348 0.000511 0.005786
0.113278 0.000312 0.005075
0.155618 0.000369 0.004266
0.112576 0.000344 0.005535
0.118710 0.000318 0.004457
0.162202 0.000597 0.007704
0.118106 0.000285 0.004816
0.163399 0.000301 0.003319
0.126772 0.000078 0.000743
0.168964 0.000134 0.000589
0.117248 0.000038 0.000153
0.156522 -0.000127 -0.000518
0.118469 0.000100 0.001998
0.122790 0.000136 0.002197
0.164171 -0.000099 -0.000359
0.117788 -0.000031 -0.001009
0.170971 0.000016 0.000314
0.119335 0.000071 0.000731
0.170171 0.000050 0.001077
0.171182 0.000064 0.001165
0.155163 0.000296 0.002865
0.116637 0.000451 0.005436
0.149714 0.000598 0.003533
0.110799 0.000384 0.004300
0.106171 0.000118 0.002346
0.155632 0.000388 0.005723
0.112621 0.000526 0.007695
0.155467 0.000640 0.007132
0.113050 0.000289 0.004776
0.118467 0.000245 0.003103
0.140839 0.000501 0.006151
0.125312 0.000382 0.006438
0.150523 0.000673 0.008146
0.160655 0.000375 0.005964
0.117974 0.001082 0.014214
0.123086 0.000842 0.010484
0.106764 -0.000253 -0.002284
0.135096 0.000373 0.008029
0.153112 0.001465 0.019169
0.109966 0.000194 0.005667
0.131459 0.000481 0.007620
0.143444 0.001246 0.017225
0.107788 0.000674 0.010969
0.143554 0.000928 0.010993
0.115821 0.000363 0.006150
0.162548 0.001125 0.014433
0.148481 0.000748 0.010230
0.118067 0.000563 0.008535
0.109377 0.000531 0.006679
0.149367 0.000657 0.007004
0.119386 0.000542 0.010076
0.142461 0.000999 0.010353
0.164248 0.001150 0.011700
0.159810 0.001091 0.013461
0.171766 0.001078 0.012464
0.168184 0.000920 0.008889
0.155074 0.000601 0.007840
0.172329 0.000691 0.008437
0.169072 0.000503 0.004959
0.172061 0.000184 0.002461
0.177379 0.000125 0.001594
0.164464 -0.000092 -0.000463
0.170335 0.000042 0.000372
0.178833 -0.000017 -0.000283
0.170369 -0.000062 -0.000935
0.179059 0.000169 0.001322
0.168215 -0.000046 -0.000508
0.165982 -0.000139 -0.000933
0.171278 0.001064 0.011766
0.152760 0.000574 0.007164
0.163650 -0.000259 -0.001860
0.147831 0.000808 0.008128
0.139677 0.000994 0.006718
0.142881 0.000349 0.004167
0.148541 0.000880 0.013445
0.146270 0.001315 0.013724
0.138822 0.001139 0.010949
0.144408 0.000541 0.007968
0.149223 0.001684 0.021828
0.144970 0.001021 0.012232
0.144716 0.000747 0.008718
0.154046 0.001244 0.017198
0.158196 0.001749 0.020113
0.143293 0.000808 0.011197
0.152714 0.001124 0.014099
0.158018 0.001155 0.011975
0.155963 0.000955 0.012402
0.155316 0.000768 0.009696
0.164369 0.000764 0.008834
0.156884 0.000609 0.008271
0.169243 0.000851 0.010434
0.160492 0.000546 0.006067
0.159810 0.000311 0.003764
0.169717 0.000739 0.009474
0.163385 0.001056 0.010956
0.155873 0.000698 0.008182
0.167533 0.000809 0.008294
0.162435 0.000439 0.004184
0.169224 0.000175 0.001490
0.170332 0.000150 0.002683
0.171812 0.000520 0.004725
0.182467 0.000013 0.001834
0.156880 0.000048 0.000181
0.172587 -0.000000 -0.000660
0.177301 -0.000155 -0.001270
0.171018 0.000186 0.001670
0.169486 0.000056 0.000784
0.178276 0.000169 0.001533
0.163585 -0.000028 -0.001357
0.177070 0.000033 0.000241
0.171164 0.000070 0.001819
0.172316 0.000524 0.006076
0.168665 0.000444 0.004713
0.169547 0.000342 0.003697
0.165568 0.001074 0.012639
0.156767 0.001622 0.016110
0.141791 0.000174 0.002321
0.147697 0.000891 0.010642
0.167345 0.001086 0.013069
0.158667 0.001240 0.013374
0.155308 0.000359 0.004421
0.159606 0.000733 0.009293
0.155734 0.001131 0.012103
0.161982 0.001046 0.011576
0.158317 0.001356 0.017851
0.150610 0.001159 0.013571
0.172994 0.000886 0.010489
0.146940 0.001107 0.014771
0.154991 0.001426 0.016584
0.160102 0.001180 0.013960
0.150853 0.001152 0.014825
0.155597 0.001343 0.015723
0.160873 0.000983 0.011790
0.156221 0.001189 0.013705
0.153616 0.000988 0.011526
0.157838 0.001074 0.012430
0.167199 0.001090 0.012719
0.171627 0.000916 0.008195
0.176595 0.000148 0.002206
0.171148 0.000138 0.001668
0.171457 0.000260 0.002418
0.169192 0.000200 0.001390
0.164958 -0.000308 -0.004589
0.154622 -0.001109 -0.010796
0.151398 0.000187 0.001051
0.173253 0.000047 0.001191
0.173483 0.001164 0.009177
0.157433 0.000161 0.000978
0.165547 0.000541 0.006609
0.167646 0.000884 0.009147
0.166009 0.000281 0.003187
0.173800 0.000577 0.006108
0.167207 0.000850 0.008398
0.160506 0.000555 0.007423
0.174886 0.000980 0.009763
0.165337 0.000481 0.005155
0.168043 0.000475 0.006127
0.174416 0.000773 0.008010
0.159154 0.000515 0.005982
0.175491 0.000848 0.009404
0.167714 0.000794 0.007638
0.172142 0.000223 0.002611
0.166609 0.000396 0.005541
0.161010 0.000689 0.008171
0.168299 0.000750 0.009340
0.173481 0.001017 0.010886
0.167176 0.000686 0.007494
0.160689 0.000454 0.005361
0.115790 0.000316 0.004542
0.115463 0.000322 0.005551
0.173864 0.000692 0.006912
0.168118 0.000862 0.009995
0.169629 0.001199 0.012741
0.167700 0.000580 0.006282
0.173224 0.000784 0.009180
0.168247 0.000888 0.010597
0.168489 0.001112 0.011850
0.161139 0.000727 0.009375
0.173746 0.000859 0.009174
0.167826 0.000770 0.008692
0.166038 0.000468 0.005297
0.173941 0.000867 0.009272
0.153263 0.000680 0.008615
0.174150 0.000973 0.010928
0.116800 0.000373 0.005736
0.173974 0.000899 0.009272
0.159789 0.000601 0.006929
0.168443 0.000993 0.010293
0.124665 0.000151 0.002828
0.160504 -0.000176 -0.002978
0.151793 0.000087 -0.001768
0.107893 -0.000382 -0.006066
0.112816 -0.000216 -0.003612
0.147500 -0.000006 0.001147
0.178909 0.000398 0.003284
0.123968 -0.000078 -0.000731
0.156258 0.000083 0.001193
0.125711 0.000107 0.001007
0.164103 0.000101 0.001250
0.119319 0.000004 0.000179
0.167141 0.000792 0.008700
0.153314 0.000846 0.006052
0.123942 0.000385 0.006454
0.150669 0.000690 0.008596
0.121183 0.000549 0.008146
0.155469 0.000525 0.005424
0.122935 0.000189 0.003653
0.162870 0.000548 0.007747
0.119733 0.000464 0.007409
0.163356 0.000869 0.009550
0.116280 0.000273 0.004034
0.117112 0.000258 0.004175
0.125963 0.000522 0.007033
0.157114 0.000650 0.007062
0.116504 0.000441 0.007247
0.159065 0.000920 0.010556
0.119068 0.000259 0.004754
0.165474 0.000934 0.010931
0.120399 0.000628 0.008959
0.150933 0.000611 0.006583
0.112837 0.000323 0.005130
0.163472 0.000747 0.008393
0.165289 0.001211 0.013898
0.120661 0.000533 0.008353
0.156280 0.000724 0.008027
0.156656 0.000606 0.007972
0.120078 0.000372 0.005747
0.157713 0.000849 0.009517
0.113344 0.000304 0.004270
0.162947 0.000919 0.010509
0.152722 0.000747 0.009677
0.125934 0.000402 0.005225
0.150830 0.000811 0.010001
0.119539 0.000401 0.006005
0.162886 0.000690 0.007998
0.113032 0.000336 0.005932
0.151239 0.000731 0.009042
0.120676 0.000605 0.008704
0.156099 0.000843 0.008883
0.164303 0.000743 0.008935
0.120335 0.000595 0.008055
0.156717 0.000982 0.010081
0.120285 0.000561 0.009211
0.164481 0.000816 0.010189
0.151940 0.000801 0.009385
0.170564 0.000909 0.009765
0.158706 0.000936 0.010761
0.171902 0.000902 0.009447
0.165347 0.000802 0.008722
0.167298 0.001087 0.011814
0.167503 0.000611 0.006787
0.171060 0.000586 0.006443
0.178582 0.000313 0.003991
0.124978 -0.000022 0.000161
0.154683 -0.000218 -0.003963
0.156582 -0.000843 -0.012126
0.150742 0.000183 0.003872
0.147492 -0.000523 -0.005937
0.171936 -0.000084 -0.001859
0.169363 -0.000493 -0.005546
0.167461 0.000181 0.003019
0.171227 0.000231 0.003928
0.166566 0.000173 0.001271
0.170753 0.000311 0.004788
0.176131 0.000697 0.007035
0.163035 0.000613 0.006740
0.176845 0.000816 0.008735
0.170552 0.000731 0.007604
0.167280 0.001145 0.012668
0.160177 0.000797 0.008533
0.165864 0.000950 0.011429
0.163504 0.000840 0.008694
0.137952 0.000583 0.005734
0.065303 -0.000440 -0.014801
0.008824 -0.000009 -0.000658
0.000000 0.000000 0.000000
-0.003081 -0.000002 -0.001420
-0.004866 0.000018 -0.007931
-0.003204 0.000016 -0.007046
-0.000720 -0.000001 0.002219
-0.001367 0.000002 -0.002395
-0.001778 -0.000002 -0.000129
-0.001845 -0.000000 0.001680
-0.001088 0.000002 -0.003353
0.000000 0.000000 0.000000
0.000000 0.000000 0.000000
0.000000 0.000000 0.000000
0.000000 0.000000 0.000000
-0.000196 -0.000000 0.000605
-0.001500 -0.000001 -0.000685
-0.002285 -0.000002 0.001535
-0.000994 0.000001 -0.000440
-0.000491 -0.000000 0.001513
-0.000926 0.000001 -0.002853
-0.000032 0.000000 -0.000100
0.000000 0.000000 0.000000
0.000000 0.000000 0.000000
0.000000 0.000000 0.000000
0.000000 0.000000 0.000000
0.000000 0.000000 0.000000
0.000000 0.000000 0.000000
0.000000 0.000000 0.000000
0.000000 0.000000 0.000000
0.000000 0.000000 0.000000
0.000000 0.000000 0.000000
0.000000 0.000000 0.000000
0.000000 0.000000 0.000000
0.000000 0.000000 0.000000
0.000000 0.000000 0.000000
0.000000 0.000000 0.000000
0.000000 0.000000 0.000000
0.000000 0.000000 0.000000
0.000000 0.000000 0.000000
0.000000 0.000000 0.000000
0.000000 0.000000 0.000000
0.000000 0.000000 0.000000
0.000000 0.000000 0.000000
0.000000 0.000000 0.000000
0.000000 0.000000 0.000000
0.000000 0.000000 0.000000
0.004650 0.000030 0.010999
0.017557 0.000083 0.006272
0.050247 0.000047 0.001760
0.089619 0.000051 0.000786
0.101675 -0.001266 -0.024583
0.096454 -0.001087 -0.019998
0.079367 -0.000296 -0.005372
0.085615 -0.000390 -0.006703
0.112715 -0.000060 -0.001099
0.140999 -0.000340 -0.003850
0.166666 -0.000115 -0.000841
0.169638 -0.000248 -0.003590
0.170972 -0.000195 -0.001093
0.174845 0.000539 0.005292
0.162399 0.000520 0.006396
0.165755 0.001460 0.016656
0.166667 0.000808 0.009560
0.167643 0.001034 0.010755
0.161565 0.000678 0.007963
0.162592 0.000674 0.008403
0.171431 0.000836 0.008498
0.174086 0.000885 0.010527
0.163310 0.000773 0.007691
0.167196 0.000450 0.005132
0.153842 0.001167 0.011925
0.152199 0.000933 0.010387
0.165440 0.000924 0.011635
0.160777 0.001753 0.017268
0.161252 0.000835 0.009927
0.158308 0.000454 0.004787
0.118334 0.000290 0.004612
0.173923 0.001044 0.009926
0.167796 0.000630 0.007386
0.162886 0.000725 0.007998
0.167731 0.000641 0.007287
0.116295 0.000284 0.005290
0.168507 0.001115 0.010895
0.157428 0.000481 0.004496
0.157909 0.000674 0.009816
0.162881 0.000993 0.010510
0.169732 0.000919 0.009725
0.160673 0.000500 0.004909
0.168792 0.000693 0.006822
0.162852 0.000723 0.008903
0.155220 0.000746 0.008492
0.164576 0.000912 0.011394
0.112508 0.000469 0.007245
0.161098 0.000370 0.004602
0.168368 0.000682 0.006827
0.161763 0.000626 0.006755
0.162509 0.000754 0.008756
0.170397 0.001079 0.012179
0.161939 0.000781 0.008110
0.163506 0.000622 0.007789
0.161143 0.000684 0.006662
0.161695 0.000610 0.008163
0.156254 0.001261 0.013102
0.153407 0.000838 0.010171
0.159322 0.001613 0.020351
0.110107 0.000652 0.009032
0.165857 0.000525 0.006455
0.165441 0.000091 0.000631
0.163157 -0.000160 0.001060
0.120488 0.000205 0.003983
0.172307 0.000152 0.001102
0.169569 -0.000044 -0.000775
0.165004 -0.000108 -0.001424
0.171020 -0.000078 -0.000240
0.121509 0.000358 0.008946
0.151506 0.002452 0.026675
0.144806 0.001003 0.013239
0.143332 0.000511 0.007780
0.097785 0.000202 0.004758
0.140669 0.000677 0.010274
0.108897 0.000688 0.011358
0.141179 0.001308 0.016096
0.151773 0.000862 0.011497
0.147763 0.000839 0.010339
0.127130 0.000778 0.011642
0.144518 0.001681 0.015805
0.116301 0.000811 0.011068
0.139001 0.000176 0.002807
0.110620 0.000334 0.004855
0.152834 0.000910 0.011133
0.162599 0.001085 0.013277
0.120173 0.000475 0.007253
0.153690 0.000570 0.006400
0.122052 0.000380 0.005573
0.159997 0.000840 0.009389
0.117161 0.000287 0.004023
0.117539 0.000072 0.001758
0.164439 0.000407 0.005718
0.123787 0.000023 0.000829
0.163226 0.000019 -0.001855
0.163437 -0.000149 -0.000501
0.117316 -0.000177 -0.002460
0.122164 -0.000508 -0.006187
0.160865 -0.000381 -0.004690
0.123104 -0.000143 -0.000872
0.150324 0.000789 0.009656
0.164761 0.000069 -0.003179
0.158492 0.000127 0.002021
0.125884 0.000357 0.005476
0.161471 0.000585 0.005653
0.125217 0.000305 0.004831
0.161712 0.000781 0.007509
0.117473 0.000158 0.002763
0.163136 0.000512 0.004628
0.131205 0.000184 0.002900
0.157409 0.000602 0.006355
0.118497 0.000347 0.005113
0.151444 0.000965 0.013612
0.114026 0.000640 0.005769
0.108507 0.000717 0.009554
0.140285 0.000525 0.005756
0.142835 0.000722 0.012408
0.153450 0.001601 0.020522
0.138271 0.000800 0.009951
0.139216 0.000788 0.011145
0.107466 0.000489 0.008662
0.141401 0.000966 0.011019
0.164508 0.001045 0.013204
0.155403 0.001296 0.014619
0.155224 0.001278 0.014672
0.160198 0.001274 0.015165
0.144668 0.000634 0.008065
0.154902 0.000974 0.013269
0.162505 0.001627 0.018655
0.156311 0.001425 0.017824
0.154801 0.001176 0.014174
0.155465 0.001363 0.016227
0.115057 0.000896 0.014098
0.159313 0.000912 0.008392
0.116296 0.000251 0.004486
0.165194 0.000280 0.002694
0.163816 -0.000332 -0.004173
0.146628 -0.000761 -0.007585
0.146788 -0.000818 -0.005376
0.106337 0.000131 -0.000470
0.143281 -0.000232 -0.002972
0.157140 -0.000084 0.000278
0.168908 0.000586 0.005062
0.172045 0.000119 0.001808
0.172136 0.000521 0.006430
0.168341 0.000382 0.002908
0.171145 0.000288 0.003980
0.170050 0.000511 0.005148
0.183522 0.000560 0.005288
0.164034 0.000339 0.003864
0.163299 0.000427 0.004626
0.178274 0.000246 0.003040
0.168679 0.000636 0.006069
0.170605 0.000418 0.005142
0.168308 0.000421 0.003511
0.172203 0.000439 0.005625
0.175075 0.000526 0.004184
0.169617 0.000041 0.000682
0.171223 0.000619 0.005737
0.170685 0.000570 0.006296
0.170493 0.000351 0.003384
0.170801 0.000486 0.005240
0.175480 0.000684 0.005536
0.167608 0.000185 0.002665
0.160658 0.000363 0.004055
0.174403 0.000586 0.006252
0.168477 0.000793 0.009790
0.168714 0.000590 0.004360
0.163268 0.000395 0.003320
0.170226 0.000567 0.007809
0.174186 0.000912 0.008817
0.169408 0.000793 0.009126
0.162606 0.000883 0.009659
0.173619 0.000771 0.007065
0.167818 0.000297 0.003818
0.167714 0.000643 0.007538
0.172514 0.001032 0.014766
0.150515 0.001442 0.021160
0.155327 0.002221 0.025926
0.146267 0.000696 0.007343
0.149775 0.000438 0.007049
0.176073 0.000986 0.012211
0.164022 0.000957 0.010898
0.169931 0.000704 0.008416
0.177292 0.000602 0.004861
0.169125 0.000266 0.002295
0.172242 0.000068 0.000600
0.177312 0.000139 0.002298
0.163285 0.000279 0.002968
0.169594 0.000415 0.004752
0.174893 0.000603 0.005744
0.168861 0.000344 0.004409
0.173967 0.000396 0.003795
0.163246 0.000602 0.007491
0.168301 0.000718 0.007732
0.167797 0.000596 0.007085
0.169428 0.000663 0.006663
0.168676 0.000769 0.007476
0.174191 0.000556 0.006204
0.169374 0.000889 0.009528
0.168648 0.000451 0.005065
0.168772 0.000841 0.008580
0.168758 0.000760 0.007626
0.167603 0.000539 0.005680
0.174775 0.000662 0.008509
0.169312 0.000751 0.007921
0.174919 0.000953 0.009662
0.159275 0.000853 0.012312
0.160913 0.000694 0.007770
0.166781 0.000817 0.010112
0.158170 0.000784 0.009411
0.172942 0.000303 0.001948
0.168317 -0.000953 -0.006237
0.158657 0.000117 0.000712
0.170012 -0.000224 -0.002941
0.169667 -0.000012 -0.000676
0.177004 0.000073 0.001548
0.165068 0.000008 -0.000520
0.175553 0.000068 0.000510
0.165167 -0.000104 -0.001627
0.177492 0.001069 0.011441
0.152580 0.000731 0.007016
0.147363 0.001897 0.020142
0.148525 0.001159 0.012290
0.140400 0.000564 0.005202
0.165757 0.000518 0.008265
0.170864 0.001412 0.014233
0.153767 0.000870 0.009062
0.163122 0.000989 0.013070
0.168477 0.000914 0.009790
0.171722 0.000927 0.009902
0.176897 0.000586 0.007277
0.170195 0.000537 0.006503
0.168609 0.000775 0.008582
0.168024 0.000700 0.007785
0.170579 0.000952 0.010719
0.166834 0.000754 0.007247
0.172125 0.000856 0.013163
0.147934 0.000988 0.015010
0.152420 0.000257 0.005711
0.152558 0.000856 0.010383
0.166591 0.001269 0.015390
0.163236 0.001233 0.012315
0.162383 0.000562 0.006245
0.171732 0.000423 0.004174
0.175352 0.000340 0.004633
0.165388 0.000421 0.003898
0.124387 0.000206 0.003786
0.168621 0.000140 0.000844
0.172159 0.000095 0.002360
0.167915 0.000385 0.004621
0.168497 0.000715 0.007730
0.167174 0.000703 0.008700
0.171418 0.000644 0.006438
0.166101 0.000615 0.006904
0.157756 0.000243 0.002984
0.110305 0.000252 0.008326
0.151556 0.002551 0.024614
0.141088 0.000095 0.003586
0.138646 0.000519 0.011202
0.106872 0.002788 0.053488
0.092205 0.001697 0.030199
0.089706 0.001076 0.016210
0.115296 0.000851 0.017461
0.097818 0.000813 0.014053
0.159509 0.002006 0.022861
0.143156 0.001390 0.012706
0.105315 0.000520 0.007682
0.152503 0.001002 0.014252
0.156866 0.002000 0.024500
0.155681 0.001415 0.014164
0.138768 0.000297 0.006528
0.161356 0.001222 0.015201
0.117741 0.000536 0.008438
0.114611 0.000476 0.007672
0.163503 0.000878 0.009498
0.170214 0.000437 0.004644
0.111030 -0.000362 -0.010626
0.143481 -0.000347 -0.006794
0.094177 0.000399 0.006861
0.131101 -0.000549 -0.005590
0.133868 -0.001225 -0.019944
0.096083 -0.000739 -0.019441
0.090492 -0.003235 -0.068315
0.054751 -0.000606 -0.016333
0.068806 -0.001328 -0.035645
0.056765 -0.000516 -0.008719
0.085509 -0.000660 -0.014591
0.083517 -0.000635 -0.012256
0.141214 -0.000546 -0.006616
0.169774 -0.000754 -0.009219
0.113986 -0.001338 -0.021364
0.138192 -0.000446 -0.003313
0.095935 0.000008 -0.003059
0.142212 -0.000585 -0.010195
0.144775 -0.001304 -0.016406
0.155032 -0.001193 -0.013967
0.109268 -0.000735 -0.011408
0.143796 -0.001170 -0.014787
0.109951 -0.000653 -0.009909
0.135837 -0.000918 -0.013083
0.111293 -0.000683 -0.013744
0.141205 -0.001884 -0.024051
0.114520 -0.000803 -0.012476
0.137713 -0.000993 -0.014161
0.156501 -0.001448 -0.016798
0.136933 -0.001035 -0.017468
0.132407 -0.000684 -0.007917
0.131435 -0.000931 -0.013935
0.060947 -0.000775 -0.030527
0.044042 -0.000759 -0.023792
0.048574 0.000103 -0.003597
0.046251 -0.000247 -0.011357
0.063233 -0.001364 -0.041608
0.080950 -0.000553 -0.006849
0.071495 -0.000386 -0.009951
0.109425 -0.001194 -0.024525
0.091299 -0.001026 -0.018228
0.101011 -0.001599 -0.031760
0.066801 -0.001349 -0.039490
0.063057 -0.000194 -0.004373
0.083094 -0.000461 -0.012452
0.116725 -0.000862 -0.015367
0.123929 -0.001976 -0.038818
0.092899 -0.002391 -0.058897
0.064659 -0.001036 -0.028159
0.066463 -0.001347 -0.041647
0.064813 -0.001366 -0.039969
0.072236 -0.001618 -0.046841
0.076876 -0.002715 -0.071971
0.077751 -0.002839 -0.070172
0.081308 -0.001523 -0.030318
0.099620 -0.001768 -0.029683
0.139881 -0.001291 -0.015343
0.152051 -0.001503 -0.019609
0.149456 -0.001127 -0.014503
0.149847 -0.001429 -0.016919
0.148589 -0.000983 -0.011628
0.150954 -0.001380 -0.014822
0.167479 -0.001038 -0.015271
0.143906 -0.002054 -0.019863
0.143968 -0.000538 -0.004991
0.143039 -0.000331 -0.004829
0.159594 -0.001352 -0.011207
0.165022 -0.000197 -0.003384
0.161843 -0.000595 -0.004702
0.169034 -0.000267 -0.003432
0.173097 -0.000586 -0.005540
0.169607 -0.000519 -0.005901
0.168694 -0.000530 -0.005689
0.168951 -0.000241 -0.002375
0.166593 0.001222 0.013782
0.164567 0.000900 0.006721
0.155634 0.000279 0.004919
0.162349 0.001326 0.015441
0.155787 0.000860 0.010645
0.161115 0.000990 0.013647
0.164109 0.001606 0.014917
0.153095 0.001027 0.010929
0.158918 0.000870 0.010306
0.150681 0.001002 0.010455
0.156553 0.000758 0.011490
0.158236 0.001739 0.014686
0.148221 0.000770 0.009731
0.169676 0.001143 0.014298
0.159815 0.000948 0.010748
0.165573 0.000790 0.010729
0.164574 0.001038 0.012098
0.156376 0.000903 0.009332
0.173288 0.000959 0.009481
0.170216 0.000364 0.003639
0.144995 -0.000193 -0.003747
0.100421 -0.000697 -0.005574
0.076938 -0.000228 -0.005595
0.090192 -0.000426 -0.015903
0.103049 -0.000307 -0.005757
0.113197 -0.000412 -0.008390
0.087933 -0.000634 -0.009445
0.090320 0.000125 0.000727
0.071171 -0.000674 -0.014067
0.056172 -0.000495 -0.017807
0.030187 -0.000279 -0.026942
0.015195 -0.000233 -0.022994
0.033300 0.000351 0.014022
0.057325 -0.000365 -0.012545
0.098278 -0.000722 -0.013488
0.136990 -0.000510 -0.006917
0.141944 -0.001034 -0.020392
0.095240 -0.002174 -0.048775
0.062978 -0.000594 -0.009045
0.060049 -0.000427 -0.012628
0.076444 -0.001518 -0.044781
0.083775 -0.002723 -0.068184
0.074299 -0.002138 -0.051941
0.064690 -0.001741 -0.056248
0.036416 -0.001089 -0.052693
0.041541 -0.001147 -0.057076
0.050584 -0.002092 -0.077534
0.053989 -0.000586 -0.019489
0.077315 -0.001354 -0.031125
0.114090 -0.001774 -0.032218
0.103385 -0.002607 -0.044250
0.090821 -0.001261 -0.030683
0.079389 -0.001257 -0.033009
0.084399 -0.002017 -0.050002
0.089220 -0.002887 -0.052824
0.091748 -0.001432 -0.031649
0.114348 -0.001392 -0.023880
0.106437 -0.002331 -0.041021
0.085925 -0.002043 -0.042785
0.079545 -0.000836 -0.020951
0.079530 -0.001362 -0.028639
0.089785 -0.001104 -0.021174
0.108671 -0.001459 -0.024717
0.123940 -0.001535 -0.028015
0.118389 -0.002073 -0.030763
0.121750 -0.001733 -0.024874
0.100944 -0.001249 -0.026232
0.032857 -0.000174 -0.008534
0.019614 0.000086 0.004639
0.040647 -0.000060 -0.003602
0.085222 -0.000172 -0.004588
0.111228 -0.000778 -0.014949
0.080156 -0.000561 -0.011311
0.057707 -0.000264 -0.004209
0.031713 -0.000315 -0.020931
0.005819 -0.000015 -0.010521
-0.005812 0.000066 -0.034048
0.000440 -0.000067 -0.066331
0.000647 0.000005 -0.060053
0.000002 -0.000018 -0.053764
-0.000828 0.000028 -0.053905
0.000421 -0.000012 -0.049347
-0.001597 0.000042 -0.026612
-0.005466 0.000025 -0.010888
-0.016448 0.000050 -0.006184
-0.040105 0.000467 -0.023085
-0.066842 0.001492 -0.042361
-0.095496 0.002574 -0.050811
-0.119184 0.002950 -0.045000
-0.117744 0.002295 -0.036576
-0.071917 0.000606 -0.015871
-0.012290 0.000033 -0.005380
-0.005402 0.000020 -0.009683
-0.011944 -0.000046 0.004163
-0.030943 0.000165 -0.008975
-0.041645 0.000333 -0.018746
-0.022579 0.000348 -0.030732
-0.009428 0.000084 -0.024307
-0.001955 0.000057 -0.040023
-0.010378 0.000178 -0.032687
-0.018584 0.000423 -0.040628
-0.023046 0.000598 -0.043589
-0.035325 0.001404 -0.075349
-0.030431 0.001008 -0.062343
-0.040521 0.001516 -0.067749
-0.017028 0.000265 -0.035320
-0.000713 -0.000001 -0.016523
0.000642 0.000027 -0.030307
-0.003161 0.000097 -0.078448
-0.001667 0.000078 -0.073240
-0.001414 0.000047 -0.080328
-0.000187 -0.000011 -0.072102
-0.000981 0.000043 -0.074454
-0.000169 0.000015 -0.059942
0.000972 -0.000080 -0.074176
0.003260 -0.000159 -0.053602
0.009142 -0.000025 -0.006843
0.021912 -0.000149 -0.007548
0.035085 -0.000044 -0.003083
0.075141 -0.000587 -0.018185
0.068482 -0.001465 -0.041068
0.090656 -0.002639 -0.059725
0.064128 -0.001102 -0.034836
0.082861 -0.001568 -0.034507
0.082855 -0.000801 -0.020539
0.070916 -0.000547 -0.017984
0.105617 -0.001984 -0.028348
0.097364 -0.000579 -0.012170
0.144793 -0.001165 -0.016658
0.109940 -0.000883 -0.015386
0.139175 -0.000623 -0.007646
0.139047 -0.000724 -0.009152
0.148095 -0.000389 -0.005492
0.167407 -0.000640 -0.007432
0.123777 -0.000461 -0.005251
0.162185 -0.000276 -0.004355
0.170497 -0.000018 0.001174
0.116584 0.000698 0.007598
0.144314 0.000820 0.004150
0.152741 0.000652 0.008220
0.139798 0.001127 0.013048
0.098531 0.000469 0.006759
0.098034 0.000845 0.022190
0.119407 0.000976 0.016508
0.130034 0.001217 0.019898
0.120318 0.001142 0.017904
0.112011 0.002049 0.033831
0.092379 0.001403 0.026680
0.076758 0.001005 0.026867
0.109324 0.001252 0.017633
0.087509 0.000731 0.015081
0.135813 0.001633 0.024300
0.101113 0.001282 0.021500
0.122028 0.001419 0.026827
0.089581 0.001482 0.030180
0.054664 0.000172 0.003365
0.078386 0.000795 0.019059
0.067384 0.000803 0.025522
0.101474 0.002861 0.052799
0.091747 0.002167 0.045278
0.089185 0.002100 0.046766
0.077495 0.001271 0.022085
0.120947 0.001666 0.028046
0.106571 0.000976 0.017214
0.139820 0.001367 0.018876
0.145878 0.001244 0.014934
0.106453 0.000569 0.010081
0.143723 0.001208 0.016669
0.106550 0.000598 0.010180
0.136408 0.000894 0.012787
0.107901 0.000738 0.011721
0.135236 0.000806 0.011293
0.158488 0.001179 0.013326
0.138321 0.000770 0.010000
0.143371 0.000951 0.013357
0.113202 0.000907 0.010703
0.129184 0.000931 0.011818
0.152092 0.001113 0.016016
0.108180 0.000667 0.010864
0.126568 0.000386 0.006574
0.154230 0.001033 0.015437
0.148937 0.001615 0.017410
0.144631 0.000990 0.010377
0.103228 0.000380 0.007104
0.190802 0.002483 0.022536
0.140780 0.001059 0.010423
0.141209 0.000648 0.009112
0.152785 0.000836 0.011485
0.153395 0.001416 0.015297
0.153166 0.001343 0.015802
0.153488 0.001390 0.018813
0.154813 0.001424 0.015732
0.139357 0.001593 0.022298
0.124861 0.002027 0.026291
0.112853 0.000852 0.015380
0.115697 0.001384 0.018411
0.115966 0.001157 0.015293
0.106362 0.000882 0.015257
0.122103 0.001659 0.029590
0.126147 0.002347 0.034918
0.115197 0.001493 0.026256
0.107609 0.002895 0.050716
0.101670 0.002886 0.051189
0.101396 0.002468 0.045062
0.103209 0.002508 0.033685
0.110683 0.001843 0.030631
0.126128 0.002103 0.028687
0.137995 0.002111 0.032263
0.116742 0.002756 0.052013
0.097554 0.002072 0.036215
0.095904 0.000750 0.018447
0.103405 0.001964 0.041220
0.111039 0.001976 0.030727
0.134668 0.001721 0.026223
0.131445 0.002153 0.028724
0.122932 0.001650 0.022646
0.114615 0.001466 0.022645
0.107185 0.001028 0.020724
0.117618 0.002583 0.049842
0.084385 0.002323 0.054310
0.060394 0.001159 0.039424
0.066498 0.001394 0.044626
0.077197 0.003054 0.075651
0.073772 0.002968 0.076897
0.082012 0.003447 0.075090
0.086962 0.001159 0.029961
0.111488 0.002149 0.033335
0.144178 0.001896 0.024150
0.150593 0.002341 0.026284
0.134417 0.001997 0.038286
0.118454 0.001649 0.028227
0.096364 0.000269 0.005931
0.102973 0.001523 0.041175
0.085294 0.002229 0.050732
0.078391 0.001226 0.023129
0.096995 0.000805 0.019289
0.128274 0.001379 0.017708
0.112559 0.000098 0.006490
0.074851 -0.000610 -0.021900
0.057617 0.000208 0.002978
0.070568 0.000198 0.002119
0.109377 -0.000390 -0.005933
0.139286 -0.000250 -0.003276
0.166753 -0.000202 -0.005213
0.104725 -0.002468 -0.050698
0.069892 -0.000526 -0.007219
0.080781 0.000067 -0.000817
0.114937 -0.000420 -0.004241
0.145270 -0.000145 -0.001991
0.168893 0.000284 0.004810
0.155534 0.000723 0.005121
0.158765 0.000484 0.004379
0.161762 0.000509 0.007659
0.161252 0.000972 0.009324
0.162201 0.000716 0.008006
0.161334 0.000857 0.009272
0.157250 0.000222 0.003744
0.164772 0.000895 0.011392
0.173406 0.000701 0.007922
0.149901 0.000724 0.009962
0.171198 0.001031 0.011114
0.171536 0.000537 0.003975
0.140683 0.000094 0.001531
0.127476 0.000125 -0.001627
0.108860 0.000220 0.003570
0.115638 -0.000490 -0.019223
0.109218 -0.000513 -0.009951
0.092395 -0.000972 -0.020703
0.092170 0.000519 0.006935
0.122408 -0.000234 -0.004933
0.153494 -0.000593 -0.006512
0.171855 -0.000255 -0.002410
0.187366 -0.000299 -0.003852
0.156013 0.000184 0.002151
0.177423 0.000556 0.004658
0.162388 0.000223 0.003532
0.167166 0.000268 0.003625
0.176341 0.000682 0.008289
0.169540 0.000695 0.008019
0.167680 0.000704 0.008744
0.168664 0.000502 0.005115
0.169151 0.000698 0.006717
0.167879 0.000583 0.006632
0.169573 0.000741 0.007817
0.168774 0.000742 0.007676
0.175800 0.000893 0.009551
0.163369 0.001150 0.010203
0.151549 0.000847 0.008485
0.168932 0.000787 0.011091
0.162801 0.000914 0.009958
0.160311 0.000593 0.007124
0.167887 0.000999 0.011003
0.155726 0.000684 0.008234
0.117974 0.000407 0.005722
0.160084 0.000506 0.006021
0.163466 0.001051 0.011709
0.162991 0.001156 0.012468
0.161122 0.000856 0.009426
0.161125 0.000671 0.007717
0.164116 0.001084 0.012907
0.160032 0.000755 0.007881
0.161529 0.000819 0.009672
0.114282 0.000585 0.009283
0.162306 0.001185 0.012678
0.166718 0.000728 0.008203
0.163387 0.000931 0.010152
0.161612 0.000774 0.008917
0.175471 0.001026 0.010761
0.150991 0.000882 0.010904
0.168455 0.001182 0.012353
0.161465 0.000736 0.008969
0.149965 0.000806 0.010162
0.118754 0.000452 0.007320
0.155593 0.000802 0.009241
0.119032 0.000483 0.007267
0.162065 0.000959 0.010821
0.160959 0.000846 0.009026
0.156538 0.000802 0.010134
0.125718 0.000519 0.007689
0.150011 0.000977 0.011820
0.167681 0.000659 0.008141
0.158101 0.000958 0.011623
0.118038 0.000496 0.006525
0.155678 0.000560 0.007481
0.119244 0.000457 0.007013
0.156573 0.000744 0.008727
0.162624 0.000755 0.008403
0.162233 0.000677 0.008709
0.120009 0.000532 0.008059
0.150522 0.000783 0.008548
0.112773 0.000297 0.004830
0.122964 0.000393 0.006265
0.145598 0.000581 0.008506
0.169611 0.001250 0.013093
0.156478 0.000550 0.006919
0.119358 0.000535 0.007263
0.155155 0.000723 0.007789
0.162414 0.000606 0.007652
0.120172 0.000498 0.007856
0.155287 0.000656 0.007486
0.124171 0.000435 0.006251
0.123029 0.000488 0.006365
0.155847 0.000387 0.003660
0.165587 0.000109 0.001484
0.125368 0.000065 0.001362
0.118550 0.000141 0.002348
0.162861 0.000317 0.003476
0.123969 -0.000034 -0.001033
0.154482 -0.000043 -0.000142
0.116775 -0.000035 -0.000193
0.118293 -0.000099 -0.001266
0.169439 -0.000088 -0.001175
0.118323 0.000083 0.001145
0.170383 0.000103 0.000622
0.159326 0.000003 0.000353
0.123324 0.000434 0.005256
0.113707 0.000104 0.001653
0.156324 0.000004 0.000992
0.116658 0.000085 0.002070
0.116633 0.000532 0.008150
0.170012 0.000808 0.008264
0.155333 0.000732 0.008942
0.128952 0.000314 0.004334
0.161553 0.000510 0.005099
0.168563 0.000657 0.007025
0.115008 0.000218 0.004150
0.159233 0.000614 0.007941
0.169538 0.000902 0.009124
0.121269 0.000396 0.005180
0.161515 0.000725 0.008316
0.121531 0.000255 0.004473
0.153596 0.000283 0.004290
0.122342 0.000491 0.007679
0.173059 0.000981 0.009986
0.151989 0.000817 0.009535
0.164972 0.000748 0.008576
0.161532 0.000737 0.007863
0.116177 0.000443 0.007753
0.146088 0.001444 0.014882
0.146028 0.001156 0.013174
0.109524 0.000375 0.007230
0.142018 0.001277 0.022216
0.144296 0.001150 0.015808
0.146255 0.000168 0.005182
0.113048 0.000379 0.005982
0.151876 0.000673 0.008984
0.126804 0.000745 0.011244
0.145252 0.000771 0.010370
0.170850 0.001243 0.013580
0.164088 0.000987 0.010295
0.162624 0.000789 0.008604
0.158733 0.001099 0.013474
0.151641 0.001069 0.011901
0.156941 0.001104 0.012491
0.156908 0.001112 0.012190
0.161781 0.000463 0.005499
0.163649 0.000887 0.009848
0.162847 0.001028 0.011013
0.161548 0.000675 0.008114
0.170251 0.001009 0.011427
0.165111 0.001143 0.013146
0.174811 0.000677 0.006096
0.155821 0.000790 0.009941
0.161877 0.000542 0.006904
0.159792 0.001254 0.013713
0.164239 0.000701 0.008534
0.171354 0.000638 0.005233
0.177854 0.000031 0.000030
0.169459 -0.000301 -0.003939
0.161858 -0.000390 -0.003145
0.177280 0.000188 0.001896
0.172124 0.000232 0.003566
0.174970 -0.000220 -0.003000
0.171054 -0.000156 -0.001546
0.163651 -0.000231 -0.002764
0.173667 -0.000458 -0.004492
0.167435 -0.000201 -0.002307
0.169469 0.000053 0.000935
0.171135 0.000001 -0.000291
0.171234 -0.000092 -0.001498
0.171168 -0.000105 -0.000895
0.175796 0.000144 0.002065
0.172125 0.000283 0.002762
0.176511 0.000275 0.003966
0.155271 0.000836 0.006431
0.155173 0.000737 0.006834
0.165004 0.000716 0.009480
0.175019 0.000841 0.008455
0.156980 0.001242 0.018168
0.157401 0.001582 0.018967
0.151171 -0.000089 -0.000052
0.163278 0.000513 0.007591
0.169338 0.000933 0.011538
0.157044 0.000763 0.010078
0.164150 0.001054 0.012505
0.170328 0.001307 0.013285
0.162807 0.000498 0.006341
0.160870 0.000917 0.014102
0.157401 0.001590 0.018163
0.148257 0.001446 0.015308
0.152562 0.000398 0.008574
0.151624 0.000982 0.012956
0.146768 0.001822 0.027083
0.151174 0.001423 0.017333
0.143127 0.000317 0.002707
0.141985 0.001089 0.012720
0.156430 0.001710 0.022848
0.149961 0.002156 0.026040
0.152244 0.001007 0.012647
0.170664 0.000932 0.008558
0.165412 -0.000756 -0.003288
0.164669 0.000183 0.004409
0.152697 0.000422 0.005256
0.165934 -0.000257 -0.002289
0.179645 0.000321 0.001617
0.169211 -0.000106 -0.001374
0.159447 -0.000500 -0.006231
0.168663 -0.000597 -0.007196
0.158778 -0.000729 -0.006575
0.154507 -0.000821 -0.008835
0.161666 -0.000533 -0.007363
0.150137 -0.000926 -0.010190
0.161322 -0.000612 -0.006203
0.158453 -0.000544 -0.007174
0.160915 -0.000598 -0.006751
0.160051 -0.000603 -0.006691
0.164471 -0.000715 -0.007698
0.176603 -0.000633 -0.004829
0.170366 0.000064 0.001276
0.158106 0.000810 0.007904
0.164781 0.000860 0.004759
0.167172 0.000818 0.009404
0.162901 0.000710 0.009153
0.170533 0.000869 0.008760
0.158121 0.001017 0.008557
0.161774 0.000753 0.009719
0.177231 0.001073 0.011544
0.169176 0.001026 0.010334
0.165498 0.000538 0.006258
0.168887 0.000710 0.008328
0.164314 0.001007 0.012101
0.164905 0.000899 0.009581
0.181424 0.001101 0.010640
0.160325 0.000763 0.008280
0.167712 0.000796 0.008844
0.165645 0.000533 0.006508
0.167385 0.000769 0.009753
0.166676 0.001044 0.013630
0.165821 0.001552 0.015851
0.154402 0.000774 0.009607
0.162817 0.000810 0.010410
0.163078 0.000954 0.009603
0.164210 0.000425 0.006223
0.174704 0.001051 0.011122
0.161858 0.000793 0.008161
0.169331 0.000541 0.006363
0.176778 0.000949 0.010042
0.169558 0.000657 0.007164
0.163927 0.000814 0.009895
0.118054 0.000477 0.006676
0.166497 0.000406 0.003885
0.176961 0.000730 0.007779
0.169848 0.000899 0.009171
0.169165 0.000742 0.008073
0.175366 0.000545 0.006291
0.170634 0.000783 0.007151
0.166320 0.000239 0.002530
0.166901 0.000501 0.006241
0.173626 0.001127 0.011738
0.164701 0.000445 0.004911
0.165873 0.000549 0.006505
0.165827 0.000502 0.004646
0.164635 0.000421 0.005615
0.166330 0.000535 0.006399
0.166551 0.001018 0.010215
0.171845 0.000427 0.004926
0.152692 0.000771 0.008371
0.121043 0.000275 0.003675
0.113850 0.000225 0.003912
0.158747 0.000461 0.005937
0.174799 0.001115 0.012729
0.165674 0.000805 0.008417
0.164205 0.000673 0.009540
0.111434 0.000334 0.005850
0.153710 0.000340 0.004339
0.110022 0.000741 0.010792
0.150818 0.000748 0.006635
0.141684 0.000587 0.007548
0.105123 0.000243 0.005373
0.110001 0.000899 0.013455
0.136979 0.001087 0.010921
0.100309 0.000284 0.006888
0.114439 0.001508 0.019080
0.088452 0.000449 0.007080
0.126149 -0.000160 0.002961
0.158323 0.001678 0.022322
0.149614 0.001165 0.014538
0.105789 0.000350 0.007426
0.150283 0.000494 0.005084
0.114037 0.000559 0.010040
0.118682 0.000762 0.011442
0.150612 0.001033 0.013471
0.120392 0.000894 0.012677
0.112508 0.000474 0.006843
0.156391 0.000846 0.010387
0.113404 0.000521 0.007485
0.163675 0.000327 0.003868
0.125548 0.000039 0.001511
0.156596 0.000297 0.004656
0.116921 0.000646 0.011262
0.154597 0.000784 0.009504
0.117033 0.000009 0.002316
0.163705 0.000555 0.005476
0.124374 0.000093 0.000822
0.161755 0.000113 0.001278
0.125792 0.000107 0.001860
0.163106 0.000155 0.003021
0.118322 0.000145 0.002050
0.117947 0.000122 0.002104
0.163957 0.000100 0.000800
0.178880 0.000085 0.000973
0.156961 -0.000022 0.000230
0.125352 0.000095 0.001312
0.168960 0.000372 0.003905
0.119232 0.000246 0.003948
0.118303 0.000307 0.004010
0.155376 0.000316 0.002209
0.126316 0.000011 0.000145
0.156258 0.000046 0.001394
0.125529 0.000194 0.003471
0.163612 0.000194 0.002763
0.131044 0.000146 0.001696
0.158543 0.000049 0.000463
0.125354 0.000023 0.000106
0.159229 -0.000063 -0.000149
0.173446 0.000262 0.003098
0.123375 0.000266 0.004200
0.162465 0.000510 0.006194
0.161878 0.000542 0.006301
0.167996 0.000436 0.004470
0.129486 0.000450 0.007192
0.164595 0.000899 0.009635
0.144035 0.000465 0.006214
0.129010 0.000549 0.008956
0.154723 0.001634 0.019803
0.123110 0.001276 0.013800
0.131464 0.001389 0.021589
0.075485 0.001272 0.024068
0.079259 0.000620 0.014175
0.092597 0.000753 0.015723
0.117572 0.001853 0.036327
0.117202 0.003028 0.047285
0.103247 0.002618 0.048859
0.093245 0.003338 0.073348
0.081440 0.003128 0.074595
0.089378 0.003802 0.081886
0.060724 0.001873 0.057860
0.077449 0.002941 0.073989
0.084368 0.003488 0.080338
0.084977 0.003657 0.082541
0.091098 0.002502 0.049959
0.087541 0.001846 0.038144
0.100584 0.003077 0.062809
0.075739 0.002402 0.055720
0.057670 0.001087 0.029105
0.067328 0.001666 0.052254
0.080198 0.003407 0.078478
0.069911 0.002476 0.065538
0.073808 0.002427 0.066446
0.076545 0.003048 0.076261
0.078498 0.003381 0.080207
0.084291 0.002953 0.051447
0.094669 0.001901 0.037506
0.107704 0.002850 0.052926
0.101885 0.003147 0.061688
0.087034 0.002356 0.051867
0.087019 0.001975 0.046039
0.095355 0.003260 0.064278
0.091495 0.003233 0.069349
0.094453 0.003622 0.077102
0.094900 0.003815 0.078604
0.099811 0.003637 0.054628
0.117022 0.001958 0.031811
0.146267 0.001937 0.022617
0.164779 0.001346 0.015964
0.174473 0.001166 0.012833
0.169140 0.001114 0.012646
0.169728 0.001169 0.011634
0.173406 0.000625 0.007520
0.164224 0.000692 0.007580
0.169628 0.000365 0.004148
0.177360 0.000290 0.003151
0.159479 -0.000171 -0.004724
0.096980 -0.001532 -0.032365
0.082191 -0.000623 -0.008773
0.075435 -0.000202 -0.003567
0.103846 -0.000505 -0.018328
0.094022 -0.001478 -0.038560
0.052711 -0.001614 -0.048266
0.048492 -0.000465 -0.018268
0.049280 -0.000481 -0.023302
0.062715 -0.000053 -0.004419
0.096072 -0.000496 -0.009090
0.123519 -0.000480 -0.007157
0.149389 -0.000624 -0.010884
0.134413 -0.002848 -0.037035
0.114917 -0.000874 -0.004090
0.126912 -0.000601 -0.008505
0.157801 -0.000743 -0.007669
0.170325 -0.000327 -0.005306
0.174122 -0.000515 -0.003091
0.173125 0.000019 -0.000617
0.160403 -0.000046 -0.000062
0.173581 -0.000030 -0.000622
0.169496 0.000382 0.004854
0.175661 0.000498 0.004880
0.169785 0.000730 0.007664
0.163132 0.000582 0.006940
0.170978 0.000605 0.006494
0.177984 -0.000035 0.000129
0.170155 0.000072 0.000826
0.169988 0.000298 0.003541
0.172286 0.000375 0.004267
0.167740 0.000075 0.001659
0.178537 0.000103 0.000926
0.152182 0.000048 0.000740
0.103076 -0.000211 -0.000833
0.095212 0.000210 0.001472
0.111498 0.000422 0.006453
0.146089 0.000536 0.007295
0.172797 0.000175 0.000794
0.160293 -0.000430 -0.004332
0.177690 0.000080 0.000434
0.161062 -0.000435 -0.006401
0.119332 -0.000424 -0.010876
0.048882 -0.000395 -0.016765
0.002383 -0.000003 -0.001737
-0.002558 0.000004 -0.001728
-0.003926 0.000007 -0.003219
-0.001365 0.000003 -0.004204
-0.000422 0.000000 -0.001301
-0.001827 0.000002 -0.000079
-0.001532 -0.000000 -0.000786
-0.001469 -0.000001 0.001023
0.000032 0.000000 0.000100
-0.000032 0.000000 -0.000100
-0.000601 0.000001 -0.001852
-0.000065 0.000000 -0.000200
0.000000 0.000000 0.000000
0.000000 0.000000 0.000000
0.000000 0.000000 0.000000
0.000000 0.000000 0.000000
0.000000 0.000000 0.000000
0.000000 0.000000 0.000000
0.000000 0.000000 0.000000
0.000000 0.000000 0.000000
